 1948   -0.020   -0.032    0.023   -0.075   -0.009    0.050   -0.044   -0.027   -0.057    0.003    0.130    0.058
 1949    0.148    0.156    0.034    0.094   -0.028   -0.004    0.067    0.098    0.065    0.099    0.103    0.113
 1950    0.106   -0.038   -0.110   -0.135   -0.063   -0.047   -0.060    0.016    0.005   -0.095    0.075    0.084
 1951    0.098   -0.006    0.008    0.164    0.168    0.284    0.417    0.299    0.245    0.254    0.170    0.170
 1952    0.167    0.178    0.225    0.186    0.176    0.378    0.367    0.398    0.357    0.349    0.245    0.335
 1953    0.260    0.180    0.136    0.308    0.337    0.270    0.338    0.253    0.275    0.143    0.239    0.252
 1954    0.222    0.090    0.095   -0.019    0.064    0.094   -0.050   -0.020   -0.016   -0.038   -0.032   -0.057
 1955    0.070    0.035    0.036    0.090    0.171    0.188    0.263    0.169    0.197    0.273    0.380    0.251
 1956    0.180    0.089    0.008    0.057   -0.064   -0.270   -0.096   -0.104   -0.095   -0.049   -0.093    0.013
 1957   -0.087   -0.112   -0.026   -0.080   -0.127   -0.019    0.034    0.196    0.214    0.143    0.078    0.073
 1958    0.042    0.182    0.338    0.340    0.195    0.215    0.158    0.154    0.206    0.145    0.178    0.213
 1959    0.093    0.108   -0.034   -0.011    0.000   -0.066   -0.039    0.005    0.118    0.105    0.044    0.103
 1960    0.169    0.209    0.081    0.090    0.295    0.312    0.263    0.328    0.203    0.289    0.243    0.130
 1961    0.053    0.074    0.141    0.219    0.186    0.025   -0.026    0.028   -0.005    0.021    0.059    0.205
 1962    0.141    0.144    0.157    0.080    0.015   -0.079   -0.016   -0.071   -0.004    0.057    0.038    0.182
 1963    0.149    0.158    0.125    0.096   -0.093   -0.055   -0.044   -0.082   -0.211   -0.080   -0.066   -0.069
 1964   -0.084    0.013    0.031   -0.155    0.032   -0.005   -0.153   -0.243   -0.229   -0.280   -0.175   -0.130
 1965   -0.207   -0.186   -0.086   -0.106   -0.107   -0.136   -0.197   -0.219   -0.231   -0.257   -0.285   -0.132
 1966   -0.085    0.001   -0.019    0.034   -0.008   -0.054   -0.065   -0.053   -0.009    0.004   -0.006    0.071
 1967    0.072    0.078   -0.043   -0.025   -0.196   -0.270   -0.240   -0.174   -0.106   -0.109   -0.244   -0.163
 1968   -0.256   -0.208   -0.218   -0.165   -0.133   -0.272   -0.239   -0.223   -0.160   -0.123   -0.118   -0.137
 1969   -0.073    0.094    0.197    0.139    0.000    0.018    0.083   -0.111   -0.117   -0.196   -0.134   -0.042
 1970   -0.021   -0.059    0.009    0.009   -0.057   -0.193   -0.211   -0.151   -0.148   -0.207   -0.251   -0.220
 1971   -0.256   -0.303   -0.321   -0.423   -0.337   -0.373   -0.360   -0.446   -0.377   -0.245   -0.253   -0.319
 1972   -0.328   -0.391   -0.449   -0.337   -0.479   -0.499   -0.385   -0.394   -0.313   -0.297   -0.287   -0.361
 1973   -0.384   -0.404   -0.354   -0.275   -0.179   -0.185   -0.114   -0.143   -0.141   -0.226   -0.219   -0.248
 1974   -0.286   -0.294   -0.411   -0.534   -0.510   -0.457   -0.525   -0.478   -0.516   -0.518   -0.436   -0.371
 1975   -0.283   -0.349   -0.320   -0.356   -0.398   -0.305   -0.282   -0.195   -0.346   -0.364   -0.351   -0.332
 1976   -0.395   -0.451   -0.504   -0.436   -0.498   -0.494   -0.317   -0.195   -0.203   -0.303   -0.426   -0.442
 1977   -0.399   -0.343   -0.193   -0.227   -0.180   -0.117   -0.116   -0.155   -0.242   -0.234   -0.153   -0.215
 1978   -0.116   -0.157   -0.168   -0.205   -0.214   -0.343   -0.286   -0.237   -0.200   -0.217   -0.129   -0.193
 1979   -0.202   -0.161   -0.238   -0.247   -0.127   -0.052   -0.104   -0.125   -0.119   -0.097   -0.095   -0.069
 1980   -0.011   -0.088   -0.148   -0.010    0.120    0.099    0.041    0.014   -0.017   -0.071   -0.206   -0.259
 1981   -0.186   -0.185   -0.004   -0.100   -0.089   -0.067   -0.099   -0.120   -0.041   -0.191   -0.142   -0.011
 1982   -0.086   -0.083   -0.085   -0.187   -0.196   -0.189   -0.233   -0.314   -0.312   -0.376   -0.422   -0.385
 1983   -0.303   -0.109    0.076    0.054   -0.053   -0.059   -0.020   -0.163   -0.221   -0.200   -0.163   -0.008
 1984   -0.111   -0.093   -0.130   -0.162   -0.171   -0.330   -0.271   -0.231   -0.214   -0.349   -0.429   -0.323
 1985   -0.360   -0.335   -0.361   -0.406   -0.343   -0.133   -0.158   -0.287   -0.253   -0.251   -0.301   -0.342
 1986   -0.349   -0.281   -0.298   -0.330   -0.234   -0.267   -0.254   -0.278   -0.225   -0.324   -0.403   -0.377
 1987   -0.283   -0.223   -0.039    0.023    0.062    0.197    0.274    0.274    0.188    0.041   -0.076    0.037
 1988   -0.048   -0.123   -0.017    0.044    0.130    0.157    0.101   -0.017   -0.104   -0.180   -0.157   -0.173
 1989   -0.230   -0.166   -0.263   -0.299   -0.156    0.081    0.167    0.103   -0.104   -0.133   -0.160   -0.163
 1990   -0.309   -0.171   -0.189   -0.127   -0.069   -0.066   -0.032    0.043    0.137    0.103   -0.064   -0.046
 1991   -0.205   -0.127   -0.080   -0.143   -0.164   -0.140   -0.118   -0.120   -0.048   -0.273   -0.272   -0.225
 1992   -0.202   -0.106   -0.104   -0.196   -0.234   -0.162   -0.231   -0.393   -0.382   -0.312   -0.347   -0.297
 1993   -0.252   -0.199   -0.257   -0.186   -0.176   -0.194   -0.290   -0.241   -0.177   -0.256   -0.331   -0.306
 1994   -0.309   -0.322   -0.292   -0.213   -0.220   -0.235   -0.245   -0.249   -0.166   -0.073   -0.033   -0.104
 1995   -0.076   -0.054    0.002    0.062    0.258    0.350    0.300    0.169    0.040    0.088    0.113    0.027
 1996   -0.024   -0.046   -0.072   -0.005   -0.079   -0.138   -0.119   -0.023   -0.016   -0.159   -0.188   -0.170
 1997   -0.106   -0.050   -0.010   -0.007    0.025   -0.006    0.046    0.000    0.094    0.136    0.036    0.117
 1998    0.115    0.277    0.307    0.276    0.369    0.474    0.473    0.497    0.397    0.367    0.302    0.264
 1999    0.036    0.042    0.054    0.037    0.147    0.165    0.183    0.292    0.170    0.002   -0.064   -0.001
 2000   -0.099   -0.053    0.088    0.027    0.090   -0.033    0.057    0.088    0.086   -0.055   -0.068   -0.142
 2001   -0.143   -0.042   -0.001   -0.027   -0.024    0.183    0.120    0.162    0.271    0.236    0.141    0.198
 2002    0.166    0.150    0.129    0.012   -0.064   -0.132   -0.081    0.091    0.064    0.096    0.004   -0.011
 2003    0.035   -0.028    0.097    0.064    0.136    0.190    0.261    0.400    0.436    0.411    0.208    0.209
 2004    0.195    0.194    0.142    0.092   -0.010    0.162    0.212    0.301    0.225    0.226    0.205    0.171
 2005    0.095    0.110    0.268    0.276    0.277    0.311    0.431    0.424    0.403    0.222    0.124    0.200
 2006    0.108    0.059    0.044    0.181    0.292    0.317    0.358    0.385    0.348    0.318    0.273    0.155
 2007    0.155    0.201    0.111    0.143    0.095    0.072    0.113    0.039    0.082    0.142    0.160    0.095
 2008    0.014    0.112    0.142    0.027    0.156    0.240    0.190    0.159    0.182    0.086   -0.015    0.002
 2009   -0.075   -0.180   -0.176   -0.147   -0.078    0.105    0.212    0.136    0.041    0.148    0.053    0.066
 2010    0.023    0.161    0.271    0.409    0.443    0.431    0.433    0.509    0.433    0.307    0.219    0.191
 2011    0.127    0.091    0.039    0.075    0.135    0.162    0.075    0.130    0.127    0.046   -0.087   -0.061
 2012   -0.082   -0.013    0.009    0.063    0.147    0.283    0.358    0.414    0.431    0.312    0.148    0.124
 2013    0.111    0.098    0.141    0.119    0.084    0.029    0.173    0.177    0.238    0.330    0.111    0.019
 2014   -0.079   -0.060   -0.098   -0.111   -0.019    0.045    0.204    0.317    0.293    0.275    0.047    0.041
 2015   -0.026   -0.021   -0.147   -0.089    0.027    0.011    0.114    0.161    0.282    0.307    0.169    0.211
 2016    0.213    0.138    0.170    0.159    0.326    0.391    0.414    0.439    0.440    0.362    0.373    0.317
 2017    0.207    0.209    0.149    0.265    0.296    0.290    0.284    0.292    0.332    0.415    0.334    0.346
 2018    0.155    0.044    0.114    0.045   -0.019   -0.029   -0.001    0.094    0.144    0.125   -0.139   -0.078
 2019   -0.033    0.062    0.103    0.105    0.070    0.155    0.334    0.320    0.227    0.140    0.092    0.146
 2020    0.078    0.338    0.350    0.351    0.248    0.254    0.345    0.430    0.301    0.293    0.117    0.167
 2021    0.131    0.143    0.117    0.059    0.076    0.143    0.214    0.249    0.407    0.480    0.450    0.257
 2022    0.181    0.138    0.013    0.115    0.201    0.203  -99.990  -99.990  -99.990  -99.990  -99.990  -99.990
